Usage:

[TABULEIRO](Tab), xBirdsComRestricoes(_,_,Tab,NBirds).

NBirds = Numero de passaros de cada cor que o caminho terá que passar.


Tabuleiros:

:: Tabuleiros de 1 Pássaro ::

tabuleiro(T) :-
T = 	[0,0,0,0,0,0,0,0,0,0,0,
	 0,1,1,2,1,1,3,1,1,1,0,
	 0,1,0,1,0,1,0,1,0,1,1,
	 0,1,1,1,1,1,4,4,1,1,0,
	 0,0,1,0,1,0,2,0,1,0,0,
	 0,0,1,1,1,1,1,1,5,0,0,
	 0,0,1,0,1,0,6,0,1,0,0,
	 0,1,1,1,3,2,5,1,4,1,0,
	 1,1,0,1,0,1,0,3,0,1,0,
	 0,1,5,1,1,6,1,1,6,1,0,
	 0,0,0,0,0,0,0,0,0,0,0].
 
tabuleiro_2(T) :-
T = 	[0,0,0,0,0,0,0,0,0,0,0,
	 0,1,1,5,1,1,3,4,1,1,0,
	 0,1,0,1,0,1,0,1,0,1,1,
	 0,1,1,3,1,1,2,2,1,1,0,
	 0,0,1,0,5,0,1,0,1,0,0,
	 0,0,1,1,4,1,0,6,1,0,0,
	 0,0,6,0,1,0,1,0,1,0,0,
	 0,1,1,1,1,1,1,1,1,1,0,
	 1,1,0,1,0,1,0,1,0,1,0,
	 0,1,1,2,3,4,5,6,1,1,0,
	 0,0,0,0,0,0,0,0,0,0,0].

:: Tabuleiros de 2 Pássaros ::

tabuleiroTwoBirds(T) :-
T = 	[0,0,0,0,0,0,0,0,0,0,0,
	 0,6,6,1,4,3,1,2,1,1,0,
	 0,1,0,4,0,4,0,1,0,1,1,
	 0,1,1,1,2,1,2,5,5,5,0,
	 0,0,1,0,1,0,1,0,1,0,0,
	 0,0,1,1,1,3,4,1,1,0,0,
	 0,0,1,0,6,0,1,0,1,0,0,
	 0,1,1,1,1,6,1,1,1,1,0,
	 1,1,0,1,0,3,0,1,0,1,0,
	 0,1,1,1,1,1,3,5,1,2,0,
	 0,0,0,0,0,0,0,0,0,0,0].

:: Tabuleiros de 3 Pássaros ::		 

tabuleiroThreeBirds(T) :-
T = 	[0,0,0,0,0,0,0,0,0,0,0,
 	 0,6,6,6,4,5,1,1,1,1,0,
 	 0,1,0,5,0,6,0,2,0,1,1,
 	 0,1,3,1,2,1,5,1,2,1,0,
 	 0,0,4,0,1,0,2,0,4,0,0,
 	 0,0,1,1,4,1,6,1,5,0,0,
 	 0,0,1,0,1,0,1,0,1,0,0,
 	 0,1,3,1,3,1,3,1,1,1,0,
 	 1,1,0,1,0,1,0,1,0,1,0,
 	 0,1,4,1,1,1,5,3,1,2,0,
 	 0,0,0,0,0,0,0,0,0,0,0].